1073508819 114389 734616
1073121521 168509 630307
1073249264 918085 139511
1072878809 455099 668647
1073729195 953017 671010
1072798613 193872 867549
1073547269 423978 606268
1073106943 77343 379611
1073716676 953279 75938
1073590944 95930 892823
1073635263 845286 7212
1072900647 465589 692073
1072753988 474500 610158
1073614476 337514 65257
1072945829 866494 534627
1072758467 326057 728499
1072890917 520611 152477
1072768297 155491 746172
1073388686 696991 215804
1072796396 847870 828086
1072903573 470782 673372
1073380008 311959 655313
1073687935 299794 129814
1073077776 943493 983680
1073496167 739488 850175
1072961540 239196 176232
1073716688 606454 213195
1073047859 579980 885039
1072785334 449469 582030
1073053178 911248 946252
1073225092 749499 417035
1073035368 111314 728994
1072863702 681554 545140
1073217536 345601 488634
1073233856 107610 744474
1072867329 404245 983670
1073691097 429380 590125
1072961549 639697 686457
1073076510 596186 652279
1073494480 284831 563527
1073031876 317914 829378
1073614841 540721 457044
1073369495 418842 138599
1073308002 943129 552
1072819368 451097 108162
1073074894 841943 28760
1073574872 409022 458140
1073468395 189296 97837
1073265585 854609 210375
1073096954 618304 495206
1073533427 844603 329472
1073187696 971586 870194
1073730652 860266 289036
1073075701 294087 748518
1073075148 216542 715967
1073450634 399823 557910
1073421874 83127 966932
1073447381 872907 156228
1073349544 349145 527189
1073622816 994014 661845
1073611258 718763 506449
1073281785 272890 994387
1072895239 284061 371005
1073606203 950184 665093
1073341333 133211 397987
1073625366 424400 314163
1073067455 260702 397290
1073584171 555144 786549
1072911590 463775 135695
1072868049 582782 646061
1073206203 229700 364824
1073183402 689738 637714
1073672663 536322 438128
1073301658 188294 904664
1073120213 588785 554227
1073205873 221594 978627
1072891710 895962 755681
1072978068 569967 310825
1073191519 400200 290953
1073539472 273974 390087
1072893410 325946 619787
1073012234 400719 825877
1072858167 469879 362199
1073420039 426397 66846
1072999023 564359 171983
1073444796 100309 393577
1072949817 466774 289540
1073194135 746881 375859
1073366958 813538 776059
1073559653 15889 566385
1073169565 380654 892332
1073033426 110244 293051
1073207548 993900 279283
1073328997 832036 222032
1073262151 574836 302743
1073573816 388215 403053
1073180238 180221 386179
1073374346 244261 133061
1072998487 135479 462951
1073222428 834001 478840
1073656043 922611 859495
1073247359 631009 486091
1073437955 165284 479991
1073642320 94462 828379
1073420288 90487 403215
1073117545 258494 307782
1073198140 820079 4355
1073295608 187556 248617
1073646195 930892 900448
1073183244 966639 250801
1073704404 568772 173413
1073328557 63236 804422
1072842466 883456 486058
1072846123 982959 580520
1073017744 820846 187359
1073098177 961477 445854
1072790395 505160 265933
1072786039 467727 969842
1073021070 563355 417086
1073604270 121934 900078
1073353469 675706 468850
1073180056 88972 48438
1072859282 504682 931895
1072856872 916734 431206
1073276351 640814 252053
1073088992 800812 213530
1073126786 752241 235042
1072860852 224377 702770
1073374658 461482 266125
1072957572 599035 904412
1073057494 503741 580118
1073072292 65509 669090
1073023853 464402 690124
1073575606 349354 606859
1073144400 331178 764025
1073375995 500361 564837
1073162465 115399 833430
1072927422 512722 57807
1073708300 396239 519289
1072925823 180490 634676
1073021411 381172 138418
1073441293 50703 720279
1073255850 285025 701033
1073565726 967594 50387
1073442515 565018 897917
1073678490 930846 914631
1073113652 26557 546382
1073280222 357310 575456
1073706062 390833 971695
1073670421 723185 668537
1073035744 443598 49709
1073380974 260480 616765
1073660695 746453 418142
1072959662 438903 385737
1073392922 738211 467107
1072978653 801545 914305
1073064022 946068 940862
1073517640 924021 814524
1072942184 476134 721709
1072970489 547537 444895
1072785599 769968 404845
1073735890 130817 665325
1073602773 728297 928131
1073184630 510458 367034
1072798893 375711 621597
1072815434 138882 939494
1072901129 816683 401914
1072960266 557219 325936
1073629390 356858 802070
1072907680 644545 865959
1073462785 600769 635927
1073057940 123054 766744
1072876263 778457 495041
1072948132 335650 521852
1073064746 794932 897563
1072926796 237673 552797
1072987302 78367 885833
1073585387 376276 443052
1072743099 488710 316262
1073424677 322853 477159
1073558717 118243 594280
1072922790 802126 233687
1073639693 667686 12144
1073144652 977730 864146
1073106448 654807 175430
1073208884 469834 413103
1073139735 740708 7822
1073253902 413496 384099
1073294498 412220 872809
1072978235 245718 712014
1072984724 428824 830257
1073390443 764210 148735
1073156756 866340 332773
1073628260 979863 310503
1072764114 615239 481663
1073072332 664530 467849
1073142877 782970 208557
1073135055 270892 138405
1072750956 718217 550625
1073361795 998157 312696
1073133429 755257 741520
1073303172 106637 22082
1073638085 208056 888422
1073305311 321619 384638
1072994808 815680 516229
1072996793 485171 697111
1073528943 600469 480081
1072804034 207237 750973
1073665628 714457 985543
1073598651 94485 983700
1072769603 219232 738957
1073028082 657883 361946
1073489648 761622 570002
1073084873 714486 407973
1073700235 977853 740005
1073667654 722884 741528
1072970543 452116 341997
1073490462 906257 549235
1073223136 982452 263692
1073237593 641977 874529
1073737541 614197 93761
1073482231 844290 267997
1073120285 96466 545971
1073033930 753416 260457
1073109605 311356 754662
1073369599 385525 477546
1073111719 156805 446014
1072769721 924518 352272
1073220486 959557 334724
1073440442 980139 493053
1073049561 984422 623603
1073439447 760366 984245
1073655098 898256 80711
1073109127 606149 350479
1073332318 754720 178187
1073577656 643296 563712
1073583757 273400 236869
1073137743 245502 677740
1072785471 283191 637297
1072934394 100924 617437
1072924989 793187 118211
1073301386 611915 878577
1072800788 698640 776833
1073720077 331336 899335
1072853245 257193 654055
1073158706 937712 813703
1073078641 95778 87103
1072841772 216211 332606
1073647680 172563 132149
1073494030 496344 233074
1072876593 313179 542613
1073242030 269968 154528
1073363453 211003 853168
1073070268 749102 700856
1073654581 154032 958049
1073484174 737149 895761
1073670471 400331 507892
1073583367 816735 240455
1073734409 427230 929370
1073602260 675023 425715
1072852834 56605 255246
1073310221 556398 41566
1073155693 451120 768922
1072786173 639028 518024
1073085317 726270 188408
1073127268 983920 441909
1073715154 55272 842241
1073690910 730080 175328
1073450455 737494 602558
1073521085 877058 277582
1073579018 766047 334187
1072807420 714002 406938
1072765853 816484 858058
1072996931 772135 497086
1072962555 428641 223357
1073257795 43197 723629
1072815886 586218 778901
1073457293 637131 508982
1073281965 444851 762828
1073163054 181941 639886
1073369120 344747 922286
1073034933 279150 152640
1073111643 255120 969124
1073253584 516364 741259
1073240146 811984 169901
1073500437 296012 729450
1072776808 221950 832020
1073481554 506480 469151
1073456220 482691 430354
1073693392 61460 612295
1073537153 434163 957042
1073614867 657405 752545
1072945875 287586 524017
1072976751 292177 40382
1073235491 793854 368718
1073549238 551593 664731
1072819788 516608 886681
1072987768 776877 393161
1073002265 578832 392204
1073571911 627264 453664
1073443264 831934 404179
1072969869 475242 61585
1073217324 271190 865523
1073176955 36262 157700
1073620221 58946 467906
1073251502 251531 19499
1073586771 173566 536108
1073700090 443973 829337
1072790577 699883 408170
1073398372 386147 551786
1073428356 684707 383720
1073024176 456661 858962
1073446239 497512 646504
1073580716 62380 682766
1073423016 183983 741713
1073438758 674304 509596
1073419258 829356 199515
1073366798 387441 643488
1073021109 855039 343372
1073096587 714842 729519
1073544801 28310 930578
1073644729 262309 387239
1073269415 557893 401103
1073622911 719000 463484
1072940144 554159 163819
1073682079 373576 838123
1073656131 696141 183831
1073456616 587518 87624
1073296775 308233 942663
1073437051 469821 657506
1073707532 666844 202168
1073260601 280290 464477
1073357010 752699 538722
1072955906 871611 774074
1073492422 189642 328233
1072812251 765738 701809
1073457776 851431 914303
1072757593 136638 501821
1073669969 581686 326406
1073210954 886458 796228
1073037096 437102 979424
1072834928 434676 259714
1072854099 819489 528765
1073315377 605406 400377
1073541303 371159 590019
1073696718 300731 872110
1073478556 584778 723541
1073047901 569008 376531
1073546080 157214 474570
1073703321 688084 877380
1073390741 392811 830834
1072894965 816059 265510
1073635251 703783 85000
1073106485 646582 690406
1073189756 363454 577918
1073083385 924912 878649
1073211275 188179 979780
1072971382 882101 65140
1073594850 594196 222355
1073603928 149050 426791
1073726548 500132 335954
1072895713 346990 152013
1073630203 969915 372149
1073028851 121605 18731
1073338444 673672 898537
1073244174 332110 823449
1073365525 379011 527980
1072869393 149452 410081
1073287900 296425 520630
1073549193 950672 669680
1073122402 965948 686165
1072786448 812058 33155
1073634434 440030 3070
1072745933 153003 124675
1073727202 72734 314699
1073312313 570383 163162
1073488863 463033 542173
1072960883 851816 691625
1073034449 305739 504403
1072997467 498369 455075
1072811435 634142 421023
1073125270 589517 749433
1073092114 213258 705816
1073572692 209148 375171
1072931664 740121 447905
1073616965 169632 534640
1073453803 938944 997673
1073395278 236236 365841
1073703652 459962 671580
1073682897 204318 686301
1073227822 651059 320443
1073290446 267612 909961
1073024661 433673 639571
1072802493 602805 848720
1073427322 929316 105193
1072979417 54174 274825
1072928425 858547 730121
1073414399 205092 966358
1073048558 759615 426320
1072860625 818541 146991
1073174324 848895 314402
1072853880 816624 582014
1073427567 50138 532040
1072787996 989469 134845
1073422924 303970 580513
1073317730 582729 151039
1073526553 912479 9586
1072796431 239903 731031
1073313721 933169 6998
1072887401 814367 341892
1073224058 898218 707139
1072909656 786161 523763
1072811289 100417 90253
1073279249 570597 79722
1073628052 889496 900045
1073047539 829941 999126
1072896500 45212 911605
1073370561 506956 667861
1073123178 935058 117382
1073116180 305832 448101
1073257936 339950 346319
1073550797 688469 132481
1073510682 619003 749250
1073420428 597929 836199
1072824354 228052 242048
1073407957 922336 71989
1072892479 284012 633553
1073464521 171626 140509
1072796660 306623 75567
1073679278 448618 381400
1073231177 932506 237702
1073368506 123532 926171
1073236025 871026 545175
1072970422 708773 659456
1073134223 626242 887509
1072892175 476461 809845
1073303833 325805 610209
1073670280 603107 298187
1073013418 548270 604810
1073421499 127167 53429
1073523747 154165 985935
1073286045 527483 625819
1073359873 549633 496845
1072814698 321034 205618
1073638890 444987 348213
1072751381 294635 824674
1073425183 248977 150479
1072814974 320521 269939
1073516786 565278 334561
1072911976 885602 461729
1072858547 103679 132246
1073356260 559457 659729
1073730440 941407 209363
1073717243 384884 46749
1072995272 487818 491736
1073647059 478260 302724
1072822385 311252 551701
1073155554 238102 388574
1073369263 979491 953852
1073034701 325690 355807
1073572972 725319 975838
1072924374 110882 535295
1073264644 638617 993055
1073538929 663198 894291
1072975828 926101 898461
1073484091 20865 893074
1073665015 456655 204326
1073113314 559276 958780
1073208387 931837 938271
1073738183 638959 780314
1073382376 324162 505633
1073406538 141611 132867
1073354890 135142 771485
1072845483 854388 951035
1072951192 620384 877136
1073536378 878116 414353
1073643304 954924 871008
1072922626 99785 430284
1072963845 633221 362121
1073509222 153214 517432
1073728908 29013 841594
1073223275 364299 499558
1073574055 267584 634700
1073286218 163924 489089
1073335183 470907 109473
1072941695 192704 503941
1073527342 291223 975217
1073139982 626773 75002
1073193346 404751 224576
1073314872 637352 377790
1072797440 166620 406803
1073439493 201520 287454
1072939935 369288 555038
1072788883 824893 235314
1072783442 747885 222574
1073157617 548013 415278
1073653676 278846 222854
1073678459 397039 849627
1073087104 945517 770730
1072862528 372468 924434
1072968386 833203 91054
1073561583 135533 292575
1072757776 937421 661863
1073686386 406714 3109
1073451071 365095 750994
1073712145 949302 815360
1072780515 553801 610558
1073041309 133518 7598
1073191682 788237 469467
1072904600 667532 358287
1072980165 440969 191490
1072889111 137561 327024
1073080184 121608 780797
1072901968 177046 187511
1072898859 984150 68959
1073631513 530180 534613
1072816153 491488 88414
1073689242 708355 221932
1073165292 774848 10169
1073695825 612072 194053
1073337538 373730 151374
1073146048 742794 805288
1073302672 404434 443248
1073521874 244289 620294
1072818011 87253 120796
1072749052 197563 167328
1073698087 639586 658817
1073609672 692167 883524
1072871388 268698 658372
1073344866 831048 270444
1073150813 751685 160526
1073483086 347460 903321
1073161446 302964 824107
1073718198 522913 68396
1073097903 963077 672001
1073460755 955849 385916
1073293426 999585 541854
1073118257 648088 234021
1073234733 518524 19071
1073576361 915481 366471
1072789564 22843 118156
1073629038 797932 981969
1073209365 378309 284933
1073385258 401935 807846
1072800510 562207 770923
1073128509 843275 243124
1073226240 808024 759062
1073684386 431590 923502
1072934012 455032 442026
1073398589 136847 873859
1073032117 89106 896703
1073397609 718243 210987
1073415640 250702 589297
1073130707 123619 991232
1072806509 64933 553439
1073519233 194599 913066
1073276109 226534 237443
1073000695 283972 185385
1073077192 608135 640418
1073118814 951369 293617
1073244954 177427 382723
1072831899 37994 617318
1073620912 364177 868020
1073515263 975294 507992
1073524031 426960 572925
1073454240 649550 283876
1073024821 631617 510411
1072787378 372745 310735
1073085641 553728 918870
1073445223 693090 386591
1073635254 706311 80371
1073252531 616235 118365
1073118860 253498 482542
1073734488 996411 974188
1073226496 730555 401149
1073137219 534491 50699
1072853342 251493 682316
1072826579 722290 571414
1073515844 378472 641494
1073596974 191425 334584
1073694031 297994 40895
1073613660 303639 173482
1073495295 926602 943333
1073496400 450289 939744
1073522212 965617 670299
1073604711 570221 204790
1073554011 975054 972635
1073355343 890298 211277
1073267577 116277 106102
1073626082 777478 297527
1072775146 825271 111873
1073217898 953434 931864
1073044416 716315 374818
1073584731 961738 825108
1073644987 697701 307077
1073458335 834814 393650
1073737193 538978 368705
1072764557 441810 775355
1073036928 916057 891633
1072930826 548150 185463
1073116947 31179 10734
1073488721 555104 480521
1073556857 252512 713188
1073665686 409604 191278
1073324226 22793 888979
1073017149 822633 240145
1073623499 827263 779123
1073738442 320881 220934
1072963086 542129 653343
1073555101 353126 717845
1073369638 978003 749024
1072842551 747457 304129
1072845678 448775 72993
1073616138 524912 998949
1073424860 458861 538094
1073019529 699887 360727
1072779383 818212 704343
1073000260 337945 541576
1073262974 116682 83705
1073093279 819756 953184
1073375434 708294 447539
1073110057 607566 194996
1073289576 20063 643771
1073216583 145748 685036
1073701282 462711 143897
1073163187 701357 843785
1073286108 663797 178349
1073581765 921713 32646
1073523836 916914 149329
1072923779 565459 485437
1072970595 448200 193731
1073523056 79966 801297
1072811708 532213 337712
1073167936 573805 483460
1072966548 614347 462523
1073306299 709335 163881
1073462514 165050 344030
1072767813 841461 265743
1073735166 575800 182658
1073069485 393844 748117
1073584048 681425 712669
1073390316 900192 792636
1073072667 830308 841201
1073734954 920547 931359
1073735142 695822 62058
1073272618 131346 771393
1073592385 927008 936443
1073248355 417370 294256
1073466259 424027 870056
1073283601 612717 780253
1073019132 770493 461678
1073306463 638352 361870
1072997475 307508 708530
1073639921 830729 145429
1073708562 837411 357603
1073646504 822968 5302
1073358759 972406 932310
1072905964 982226 866032
1073611707 257790 290060
1073225299 232364 419129
1073445046 955055 189622
1072983368 390416 344326
1073105145 651116 651835
1072880263 753018 482564
1073734833 302631 836327
1072860878 914302 659295
1072855576 297366 148053
1073406914 133226 646632
1073540881 779694 904422
1073734469 296218 653139
1073315340 109348 608194
1073609365 384155 514962
1073265039 20833 166079
1073613204 398746 435449
1073614287 922088 738081
1073261608 803033 168735
1073602312 689281 466102
1072937907 540542 115680
1073291275 741484 895374
1072870500 748838 707944
1073217361 691674 333644
1073092815 824132 717800
1073577852 300916 254985
1072895421 945888 653731
1072943620 73424 92171
1073689187 69991 895205
1073520451 209502 100838
1073054349 529771 641380
1073422317 980319 382865
1073526943 367994 648055
1073302647 892456 339729
1072969002 541465 163861
1073251202 221788 981130
1072996217 68190 927018
1072826133 866393 516794
1073733962 919030 586785
1073322405 656754 312640
1073221567 860580 842411
1073063834 180086 339082
1073164617 394966 707077
1073516562 350494 599533
1073660480 123315 657350
1072980267 130288 879138
1072999137 392247 463680
1073555767 307937 846426
1073522621 832150 281808
1072935835 767921 938562
1073106843 288177 799142
1073264432 482518 979228
1072925350 59724 890546
1073218273 801338 241040
1073102387 882681 880708
1072928685 160589 10996
1073049546 419628 919595
1073069514 605684 743884
1073223088 824887 576035
1072941280 147227 343956
1073002718 782207 148485
1073203576 259598 631004
1073707996 592423 690728
1072817450 632326 8418
1073060057 271762 891099
1073662997 84900 568041
1073135649 293529 987669
1073216053 965839 109705
1073472169 484574 450944
1072896134 801470 598171
1073035826 540575 380378
1073370988 595175 156328
1073223632 629002 265104
1073532904 69728 897430
1073008133 267846 685544
1073117034 346672 286796
1073032641 952846 96678
1073044972 478616 62517
1072935266 264623 63443
1073484322 626664 864913
1073369798 332662 405489
1073473068 219849 517016
1073316739 738040 662370
1073535283 463311 248450
1073121501 197001 516296
1073435957 338143 379320
1073632809 47325 848519
1073536131 744177 327135
1072957262 67086 591758
1072893818 324587 218423
1073028905 696612 67437
1073107064 481720 287286
1073073696 423156 541678
1073411325 629696 4989
1073162875 250018 201991
1073130226 72236 540134
1072750906 181250 587459
1072902387 903295 847988
1073058899 687856 915074
1072950789 535861 756014
1073216014 765132 968978
1073632225 916243 450698
1072828587 100723 873854
1073286909 431221 503550
1073281919 526521 269920
1073563576 138118 342156
1073023442 645388 39759
1072919631 1176 459406
1073071642 684100 147262
1073156568 991487 199476
1073400554 517296 480960
1073431575 143247 913555
1072980877 56483 14278
1073590670 511398 445499
1073087120 487654 488373
1073300847 665901 142843
1073442339 900634 788231
1073402580 722826 789408
1072943174 909359 989860
1073279559 494615 497699
1073563731 352236 531348
1073082771 178836 674595
1073169216 456135 731078
1073638585 607288 242476
1073193086 261991 246482
1073188361 702967 912383
1073045517 2452 329369
1073257286 858047 52196
1072951526 173049 477907
1073445313 151665 972522
1072947614 329757 841111
1072899914 505161 19947
1073225319 594120 476082
1073494240 697358 83370
1073735412 762448 861714
1073488929 315910 81033
1073060194 12216 599837
1073730824 13106 457885
1073162276 319755 147286
1073684369 616265 815303
1073195494 926827 145060
1073354383 768736 650221
1072818084 801593 760693
1073342001 49176 458052
1072742279 571939 220500
1072880565 341185 536410
1072799531 22815 548627
1073199694 550166 78085
1073225457 646065 397840
1073561819 703519 14106
1072746516 766200 457285
1073085104 669992 742373
1072918531 593732 543966
1073157837 993554 109494
1073699785 509450 681434
1073479285 370709 22619
1073426523 829353 561786
1072877896 887834 628304
1072799811 404201 274369
1072885618 100557 494241
1072871512 95865 260441
1072897875 752584 930434
1073639150 575877 524166
1073095183 159863 34072
1073469337 718253 543522
1072787903 980791 430583
1073248931 296091 259936
1073170793 676371 147771
1073542488 134735 68324
1072751767 990940 168881
1073257526 377603 781098
1073480732 737903 50035
1073550298 840577 625912
1073509780 3569 302127
1072959356 276055 536732
1072899482 746328 517523
1072952546 755572 329966
1073176258 326602 522689
1073028487 42289 173777
1073443811 32346 681069
1072758577 32995 575025
1072977479 294086 312928
1072927444 1963 669857
1072785180 750358 673426
1072966701 532825 465834
1073429969 891519 212162
1073396094 680796 484086
1073549775 246361 810688
1073510734 476050 369330
1073336957 290414 401676
1073139535 273660 951023
1073564510 554357 245110
1073735230 885088 247073
1073065372 841732 997432
1072875594 616854 46609
1072893408 445061 454480
1073164894 790790 651628
1073680808 982838 897990
1072870119 213928 890392
1073500789 135146 697158
1073582761 737434 970819
1073631738 431099 41528
1072870276 437693 926616
1073623202 630496 768348
1073109418 13077 901555
1073546457 861493 346616
1073575624 438422 137406
1072923996 499438 636597
1073509654 887494 850525
1073619262 128528 502023
1072922103 803942 239458
1073434932 430379 670557
1073393404 301927 624602
1073466788 936900 255098
1073182087 569305 268176
1073280532 281023 129669
1072933916 447222 84443
1073280158 265050 583881
1073643561 497219 471375
1073276684 136133 116255
1072774660 472205 436549
1073018850 779096 866929
1073348293 643867 168856
1073207338 435254 105756
1072952240 994990 191413
1073684064 456281 988788
1073038043 780540 436011
1073437247 758558 217413
1072853366 373172 230984
1072865638 354664 883469
1073233031 321827 355674
1072796481 561152 651122
1073413200 471034 294989
1073244344 5519 730244
1073622236 795103 241586
1072914471 369214 214220
1072925683 589347 511112
1072973320 893923 269670
1073239555 298732 159195
1073008570 174917 513859
1073125101 200062 352038
1073253074 145404 913190
1073601952 990379 384224
1072790610 487858 906096
1073060366 123797 701199
1073302428 951149 586765
1073088208 283641 176112
1073577095 52145 586387
1072791073 554413 885120
1073631878 804018 576389
1073118019 420741 776451
1072765981 909490 921855
1073336439 565713 428586
1073435862 516926 916444
1073529766 714735 556593
1072828567 154131 24094
1073725450 807746 307736
1073032985 972474 359881
1073446598 923225 430646
1073561478 549522 234665
1072985088 173327 171758
1073208637 665521 597600
1072770429 70906 163313
1073341843 376867 680240
1072909046 588924 394975
1072836101 18532 549106
1072812006 551257 873205
1073504270 260095 362031
1073628037 555321 801608
1073681039 252018 351131
1073446374 8753 524458
1072758264 58292 706331
1073160664 546038 293589
1072997350 946018 670456
1073317110 295147 775732
1073405783 200870 310616
1073340324 647039 861874
1073467119 400944 121969
1073105088 31082 677290
1073303479 91866 929309
1073435996 903668 454414
1072911538 887227 29058
1073688855 468387 575096
1073395265 212860 37467
1073208457 153925 848966
1073432724 6317 49836
1073605756 407816 213227
1072743882 198872 614171
1073621912 351960 161605
1073428270 306656 253472
1072982609 612483 157140
1073011842 959120 560719
1072982784 12088 29106
1073407687 874998 758318
1072853868 408365 428595
1073004902 717464 434913
1073438713 853531 359081
1073225486 367825 557954
1073094962 4088 426266
1072933357 317641 732922
1073163533 593208 861757
1073006393 323189 337229
1072929321 598580 349317
1072900215 449068 740668
1073141896 337023 149033
1073196949 73945 382849
1072762036 377055 236380
1073402954 409744 120557
1073328648 572957 124645
1072902382 381424 958639
1073653108 476066 551847
1073274999 727849 391388
1072937770 540351 989968
1073588453 381959 955389
1072847785 498238 292412
1073182400 43113 882709
1072799551 539252 776116
1073046818 878121 185861
1072926261 807648 275170
1072801615 163441 656594
1073326624 252156 132661
1072774777 718980 860510
1072867037 523033 917213
1073360717 192756 299172
1073405328 603146 313763
1073596563 678922 356876
1073713854 621194 412480
1072937737 316199 290602
1073235524 648114 614602
1072960354 104674 778044
1072787407 519873 30200
1073138394 3271 265533
1072761532 878057 304918
1072844319 259163 14026
1073028795 112011 133525
1073715032 257271 812447
1072841804 801592 433641
1073429323 122030 266193
1073622369 628329 914307
1073007767 926151 18981
1073229723 396919 538854
1073683170 516700 58477
1072901285 13343 936534
1073596367 427199 712049
1073065988 140227 824060
1072932463 683371 597683
1073603664 99742 399276
1073170023 928594 37658
1073387478 564400 665988
1073473171 298457 108491
1072937838 326909 21762
1072882632 901914 538462
1072824155 742452 551805
1072887621 404261 979004
1073659219 80096 635583
1073318807 405808 318954
1073721123 543967 935049
1072805495 632119 863643
1072767837 986465 428044
1073585497 771469 242853
1072960654 575455 569762
1072938892 950998 988029
1073400430 868667 730481
1073332273 239221 134742
1072836917 321825 731190
1073201333 744842 653350
1073366027 281894 197317
1073430978 734574 345789
1073050982 224912 848606
1073106586 381239 620075
1072863733 162408 711882
1072777619 481692 662881
1072789590 339437 531548
1073542756 748988 770769
1072891662 170246 608947
1073160471 710736 870141
1072990769 602885 152035
1073277099 430082 402961
1072931310 120923 627873
1073082704 272512 525464
1073462629 666954 687873
1073234394 631159 685917
1073571513 99744 25354
1073523613 815163 290694
1072752844 665325 460941
1073627545 763029 688029
1072757404 514083 290914
1073089017 978807 237349
1073686056 305672 358272
1073541830 964791 147137
1073016366 760338 814091
1072812141 267767 961602
1073126224 954429 577699
1073584517 172639 392862
1073293823 677970 58187
1073316530 792249 821216
1073628500 293020 851652
1072821234 945827 830459
1073583885 517946 136132
1073709260 717939 617275
1073562123 443397 893965
1073231680 889431 161732
1073270077 505031 632513
1073176026 662337 805152
1072783164 110337 483123
1073724976 51983 791724
1073387408 165306 84744
1073535756 602247 546923
1073188944 760186 581222
1073052812 309101 815513
1072919185 5153 775262
1073025219 515296 664694
1073347135 503394 169725
1073714621 69191 348414
1072909469 27851 975103
1072909994 561050 27086
1073601918 431817 708744
1073000821 637885 310992
1072937546 190764 587530
1073356324 396127 896631
1073024458 218765 901784
1073249196 935369 933432
1073584502 330058 436827
1072898425 873612 22370
1073033659 222318 566573
1073058555 54148 127623
1073031469 710405 559441
1073322724 451407 713678
1073011732 255685 904442
1073424202 641184 816921
1073011219 874901 35686
1073593083 367529 487408
1073659651 41202 333818
1073706472 400953 207430
1073684101 109117 429748
1073117528 792385 248
1073473552 19092 710654
1073397759 438191 678413
1073684081 684634 934098
1073263287 518607 91635
1072930014 249211 966536
1072894328 914303 334065
1072890568 996475 891620
1073556750 31827 292573
1072832968 605901 401690
1073403219 746548 710428
1072886619 531171 729520
1073659613 875235 684063
1072981199 449329 368697
1073047101 444217 403656
1072955466 256026 169219
1073472577 103522 83522
1073138512 471129 596349
1073730540 656203 144528
1073437967 565058 750429
1073519924 420014 13330
1072809496 791571 544501
1073079976 873781 419737
1072879561 634405 385418
1073510864 845480 829636
1073590856 631837 85662
1072905285 901083 705536
1072821763 20747 176666
1073709062 32030 349221
1073564533 852239 430631
1072814104 74138 850646
1073284422 6465 642217
1073739920 184664 32350
1072803831 46926 666756
1073418413 794237 512236
1073588777 461556 660425
1073503114 298094 77861
1073281226 734506 614960
1073104560 767267 163342
1073238987 944557 15581
1072808355 388629 89719
1072957709 846030 612536
1072799140 847933 313552
1072766790 785925 360478
1073583682 625688 671067
1073555094 778734 132623
1072894668 533795 430717
1073300455 994393 681575
1073685495 148008 448843
1073522153 650845 393400
1072990219 584313 782029
1072900500 884779 144412
1072771611 343814 992345
1073458059 835199 294623
1073581228 509693 920311
1072910161 696422 215397
1073261185 59929 749193
1073314116 17649 259938
1073632540 73977 407946
1073183697 810000 575143
1073273945 561604 675808
1072975563 919279 560587
1072831151 889491 420753
1073322454 689608 772305
1073027831 850203 281998
1073591168 198217 494772
1073375770 195207 554702
1073626577 622915 572351
1073366639 248550 162681
1073442341 323028 972681
1072867197 790906 50637
1073675037 557166 969916
1073598097 984190 859408
1073177344 403560 549016
1073405039 117552 915571
1073606689 268208 630140
1073111916 634261 825348
1073040862 265859 964615
1073468511 157395 213165
1072789478 456877 536193
1072816797 847855 327099
1072766160 914642 400618
1072796243 58368 384808
1073420483 139199 788368
1073355115 992336 422273
1072923192 127470 690481
1073293052 273729 841094
1073467704 974690 623305
1073503089 248003 780700
1072773572 716700 753929
1073237379 641727 601785
1073393927 133742 32779
1072993309 595674 607499
1073092149 433366 746698
1072787428 820074 255386
1073365155 155057 899209
1073158322 603829 172938
1073317228 394300 147629
1073177571 149387 911984
1073396871 117638 628684
1073642942 138435 786763
1073524805 486331 436858
1073492026 751197 32532
1073368175 400871 465899
1073105124 355266 802325
1072849738 248286 957383
1072950529 831787 77564
1072777590 772734 471864
1073113609 336986 621251
1073201625 198290 255242
1073056589 297172 393677
1073269825 514190 880008
1072832967 280340 147557
1073284083 653988 64780
1073301832 807039 936399
1073499506 699125 184685
1073025771 6771 532825
1072948207 487356 305559
1072959991 115570 158898
1072822387 172120 357188
1073567145 857355 654360
1073657116 845705 684903
1072777108 754561 481595
1073113199 728653 651935
1073048419 168645 458975
1073112020 927314 674452
1072927334 643366 681223
1073394509 953334 168580
1073572598 251518 800502
1073413700 170954 972623
1073540159 861984 346330
1073369447 946691 192035
1073684544 427758 462948
1073686597 56382 191601
1073034661 749787 360246
1073059334 895942 803912
1073384882 226783 447278
1073187307 90449 916964
1073502375 259675 684835
1073701872 104150 855789
1073212897 822166 234126
1073350215 194543 180817
1073158180 768174 124928
1073695232 823401 181310
1072987279 46915 447449
1073110680 729404 343392
1073306768 602697 86527
1073343137 157213 176977
1072909821 396662 436652
1073224986 952965 57154
1072852844 998243 879321
1073618718 389851 73864
1072921549 489846 358390
1072796621 52789 181791
1073098958 807333 228706
1073651509 438476 474462
1072791765 389884 77159
1073705237 788570 750725
1073011908 620572 663739
1073058904 137410 133056
1073001750 26389 131299
1073606077 665846 37502
1073015861 486120 527348
1073657470 431323 580137
1073475679 74188 903822
1073730620 680854 858651
1073739806 147265 248535
1073662646 183851 553457
1073395569 430118 174029
1073731830 113037 827791
1073598774 853110 370532
1072951123 988857 36378
1073397269 231171 522499
1072869921 315524 470174
1072773432 581669 60714
1072869610 109224 741568
1073010959 111241 888833
1073246072 706770 589036
1073692615 53024 19154
1073518585 579369 132191
1073174442 238770 501654
1072803909 545822 6863
1072767531 890376 238034
1073728680 762278 553559
1072742154 730669 651580
1073681440 119235 760804
1072939871 366451 388397
1073534686 862203 611520
1073429297 911411 180896
1073410143 651001 760266
1072761599 218383 515388
1072743593 672649 61211
1073736730 163293 951587
1073498696 176437 230218
1073428785 176106 477239
1072777205 752842 112826
1073500049 71146 479278
1073595299 278283 341481
1072983779 107161 769244
1072802883 955194 420246
1073526265 935418 154981
1073010876 933648 827630
1073433313 455093 507275
1072965374 698220 683712
1073735156 527611 376171
1073741564 492229 645365
1073628738 250356 716511
1073149460 396880 511146
1073291627 154924 618308
1073522382 610216 573502
1073585784 342127 25272
1072914451 73074 475272
1073570469 897936 930365
1073063194 674385 144937
1072863129 197405 672548
1072970606 197664 681130
1073325241 827101 931486
1073608730 419465 328366
1073581232 869661 999642
1072962924 605454 609858
1072873070 277845 468337
1073331446 105217 541411
1072856174 276571 955699
1073409457 955201 630085
1072748167 350247 343842
1073559267 121464 541506
1072878137 538046 368607
1072946651 187491 304424
1073101933 348082 690438
1073585939 643334 812244
1073459728 512087 90090
1072991391 438817 195307
1073449979 840818 988231
1072977928 689537 459784
1072831491 683193 810031
1073487649 865749 931495
1073429791 729436 985893
1073544831 40960 173384
1073240407 197203 521466
1073033617 353087 164800
1073221372 635182 193240
1073614930 385615 148409
1072903271 193811 989227
1072915040 957706 678764
1072938904 868039 878309
1073612521 122213 744059
1073681026 434246 989847
1073178781 631238 547159
1073005397 649006 744362
1072967578 873565 97450
1073286426 394016 732632
1073576834 37261 118247
1073428425 875813 828410
1072922845 218949 786117
1073727729 21868 170508
1072849419 151171 292721
1073589008 728320 243319
1073599161 291363 390909
1073052002 27789 39916
1073307639 802034 913481
1073693837 773784 823849
1073444853 938773 861110
1072810253 252172 253275
1072981843 71150 472224
1073679374 85244 494093
1073508866 494000 161616
1073216144 646815 889936
1073456473 789477 697651
1073065563 995651 241793
1073509295 946187 560179
1073079462 994173 333963
1073739261 807495 272737
1072878151 739065 41261
1073624876 499046 112411
1073636299 561495 714007
1073625854 310805 724360
1073464238 836484 371175
1073057950 638186 677005
1073360298 314446 672656
1073602153 63326 135195
1073041974 725687 645720
1073708010 728249 453215
1072918921 108273 192281
1072877660 741573 207679
1072765249 847097 285526
1073534890 963066 596331
1072810530 757003 949167
1072923002 440876 587354
1073245997 338753 418152
1073573341 478423 481479
1073438146 694625 723518
1073276074 728438 451768
1072822859 67692 76393
1073114226 931855 817966
1072906547 424781 181415
1073104668 631714 144481
1073508337 79360 417836
1073559169 898181 375065
1073455463 910359 230170
1073037311 78841 224946
1073039480 898870 919571
1073315961 880971 164361
1072864193 799935 232053
1072787800 427533 163908
1073453481 779161 588689
1073272066 416316 736755
1073611232 166155 332467
1073193396 865161 230648
1072818331 151521 141007
1073588160 372385 736200
1073363214 74729 151422
1072927291 500591 32393
1072762930 894573 348681
1073530877 364948 292566
1072850617 653290 71727
1073261928 639400 4396
1073525173 769991 170551
1073192705 834770 35712
1073445705 758263 703585
1072788345 428278 75970
1073535793 323239 667051
1072868018 137771 683994
1073319273 116664 578567
1072970592 843962 459868
1073678026 735168 629510
1073089946 215063 785262
1073085550 948065 555253
1073398647 13535 390024
1073362935 826006 664639
1073142998 295836 609269
1073550676 18218 932508
1072883624 892023 70279
1073199630 830926 703295
1073104710 602157 547257
1073128490 182307 798777
1072982628 834184 530192
1073197365 6809 478257
1073642112 349985 8145
1073735736 245225 350503
1073071097 360402 646339
1073461828 551549 664557
1073012968 409748 72933
1072942689 468294 903859
1073723042 621759 22368
1073659433 235092 721027
1072860656 994287 71563
1073330464 538745 78372
1073335854 154809 944709
1072811357 160896 706286
1073460854 347975 66688
1073298163 144322 618238
1073633606 873178 544338
1073044321 188664 528984
1073624110 723798 150743
1073601741 806188 902187
1072880714 687356 412827
1072809150 615067 467924
1073214426 21036 622733
1073269716 951502 299982
1073047078 748823 164309
1072980389 192483 308631
1072845799 817053 698161
1073301461 514555 403178
1073256124 148621 126976
1073105381 805055 933164
1073686841 666164 136872
1073274014 115189 751940
1072806090 158939 289328
1073183356 147398 757183
1073367022 842143 506006
1073202713 119929 214842
1073377730 15953 31895
1073679568 972668 62802
1073276390 458367 211423
1073633062 611161 16478
1073699898 666143 198995
1073046673 650304 830536
1072778381 586038 989475
1073489053 660857 653225
1073215518 35658 495369
1073193159 91120 131650
1072978317 455213 147604
1072946422 517468 636624
1072883620 499253 94991
1073155844 608014 222504
1073139366 166292 405000
1073424019 377794 55304
1073593482 341236 157694
1073087655 110358 818551
1072918077 636664 370561
1073422708 185328 461681
1072774706 948834 916895
1073627102 260587 950715
1072990478 635142 966321
1073379135 221121 90687
1073640278 339931 773331
1073235278 174087 151125
1073179974 838780 8713
1073505927 492949 119072
1073687376 833047 755736
1073316814 668514 457416
1073338781 635631 922602
1072905534 750353 183189
1073438466 18050 334683
1072955793 897091 555805
1072865106 998636 412088
1073575422 21533 586175
1072907945 99734 941308
1072899231 335630 950609
1072780159 390078 783656
1073024423 331439 452170
1073050655 734481 87801
1073128053 87123 354506
1073428512 390480 372557
1073093829 176510 786000
1073021672 569579 784636
1073093232 252332 806169
1072990704 86211 905903
1073049396 928803 241534
1073098787 890467 147964
1073315131 124219 479403
1072862961 331739 730236
1073258808 945509 333711
1072904301 775172 240543
1073015392 939518 933405
1073229392 659670 502985
1072928404 824613 271669
1073122235 575732 357880
1073699980 268159 803035
1072942094 427547 693502
1072794130 854239 334073
1072798375 249453 665812
1073551786 732469 127673
1073701723 569991 902845
1073461179 296422 842364
1073527774 808853 18386
1073508437 622272 842999
1073236767 758212 935084
1073362535 316407 203243
1073559499 116137 630791
1072865997 580182 1382
1073015571 39983 250836
1072833407 746372 983305
1073705733 786472 69648
1073286536 67116 366070
1072927820 797518 691275
1072909434 30904 829899
1073550082 535960 104463
1073614998 431601 420870
1072895403 613925 53359
1073264612 6103 149894
1072746877 732355 706229
1073496041 640772 452601
1073512736 193214 755425
1072926736 648501 338894
1073560666 462505 136412
1073353039 811246 167316
1073523140 2987 219629
1072902325 646164 651230
1073481455 492585 265155
1072911743 969796 787610
1072761849 964742 519966
1073055620 726876 677090
1073086667 472315 870304
1073331242 287402 35157
1072992348 984911 497662
1072855936 373695 825261
1073172267 108730 828248
1073436286 948228 474413
1072785056 724949 966998
1073003549 555029 453146
1073215939 51355 934241
1073179621 253910 661117
1073502531 909066 649785
1073115875 835999 937187
1073080717 585475 922099
1073066703 987714 295794
1073241442 557270 920877
1072896841 379159 869105
1072906076 335926 594054
1073422726 590552 665435
1073453228 632789 716790
1073002635 711343 970700
1073341517 950636 879766
1073175380 92936 715766
1073238193 270394 817593
1072799742 945515 805307
1072987595 962248 878930
1073066718 323582 258089
1073197613 159329 110368
1073087206 994778 217272
1073421771 283374 850061
1073704980 22562 77757
1073734280 939220 544745
1073338161 505663 637681
1073106043 525646 908076
1073288450 984079 369943
1072966791 738307 848543
1073571509 413412 172126
1072797067 957623 847807
1073686699 128592 358938
1072953075 448644 642312
1073586661 485487 181226
1073508904 9383 636799
1072964159 413045 658814
1073326478 48825 700812
1072902050 18550 684892
1073015755 793582 423199
1073167211 963897 836612
1073478733 908653 310587
1073114574 480129 439179
1072755636 268877 887823
1073596972 940391 889663
1073415745 173310 899046
1073262594 950974 828443
1073603780 882672 877268
1073386615 238797 412170
1073701723 964866 205752
1073278524 55830 686001
1072925560 318920 111006
1073098621 946169 107487
1073659442 448709 892717
1073255266 593560 833108
1072849251 435990 522771
1073433853 915219 990097
1073605410 569615 872769
1073728142 924823 111567
1072799620 964923 592785
1073593868 944574 648615
1073391514 760838 483887
1072764156 920392 946408
1073140316 519126 395117
1073247599 5683 988678
1072898139 414607 424668
1073375368 722577 856240
1073385270 858990 425855
1072996149 389023 867030
1073368230 331226 348305
1072775445 995533 292879
1073610478 862194 570069
1073126591 839862 490462
1073180182 441369 9588
1072785065 451945 531623
1073280035 295629 462582
1073339014 178437 185159
1073482774 534990 560501
1073540567 280664 949524
1073673537 654258 797102
1072808880 136988 792635
1072999649 784686 654830
1072913227 399918 11044
1073422765 477911 968765
1072896825 951022 420710
1072848850 929162 232691
1073386268 331971 411128
1073684757 591020 946118
1073124256 308628 743135
1073658380 376914 913745
1072861278 826209 50733
1073552291 568384 351771
1073381109 396980 751690
1073370065 232390 745953
1072884948 593740 213327
1073464238 486713 142490
1073231546 358620 474461
1072820418 415686 581834
1073357947 549605 890462
1073614812 633048 783729
1073184715 29945 609938
1073617630 219477 694674
1073265858 580192 91654
1072997816 468302 324044
1073251863 325178 434136
1073522183 119115 920849
1072863341 145744 795821
1072872528 583502 727859
1073290694 967378 277464
1072883879 610741 426864
1073100150 167849 456809
1072973860 808394 192639
1073279185 284359 289183
1073671179 28366 273837
1072830782 34679 115367
1073396646 254319 234483
1072959444 649153 896579
1073163623 518448 480081
1073435763 969578 963811
1073641947 343874 574552
1073215082 501899 258753
1073241921 269862 67148
1073049282 248852 867859
1073243747 835849 896226
1072969909 263242 447257
1072854542 608419 217928
1073103707 907150 867081
1073207127 485351 385529
1073210694 307763 871459
1073246882 407639 215333
1073155978 934380 717232
1073380872 950635 503447
1072797372 159528 752299
1072929513 657605 104500
1073033287 945871 367742
1073586030 349504 492514
1073368102 987621 399664
1072984669 38669 401367
1073599139 569798 709130
1073727680 581091 116770
1072995994 166937 567502
1073278762 44240 518137
1072775315 988691 677666
1073506663 801001 335271
1073402163 25890 281142
1073518068 181683 146998
1073025554 71757 650971
1073109538 345263 689640
1073708170 487947 775791
1072999040 18443 873234
1072882270 764272 556523
1073314767 743685 600763
1072796630 710194 589454
1073602612 461706 390456
1073267341 317718 932698
1073469847 541473 114381
1073322848 774094 702490
1073671877 406380 47754
1073465884 440033 52053
1073173741 699168 586848
1073300507 75074 351120
1072743983 18482 94806
1073626868 480027 321352
1073037413 619239 299410
1073130605 93721 617128
1073197907 882050 674954
1073567174 817377 449048
1073348331 403675 371780
1072784225 195966 328165
1073215820 764048 27334
1073628971 721717 618760
1072761499 235909 637242
1073666693 350864 117269
1072828989 571626 736508
1073529579 699196 346582
1072912450 759464 744984
1073721144 450466 562361
1073272096 843958 482388
1073383963 317908 678355
1073055798 843911 958755
1073512112 956763 680472
1072893352 453440 916381
1073256110 528570 783598
1073622488 957757 355224
1073369628 686353 570773
1073023046 32078 330237
1072761710 52757 780703
1073682997 522485 141013
1073200608 880345 458921
1073005901 82722 819185
1073047146 312434 292300
1072850321 677257 745740
1073417588 162971 790663
1073633990 798658 748420
1072762413 170853 434773
1073191640 405983 466852
1073345051 386096 35961
1073564347 444923 558446
1073423334 502490 955143
1073448060 238412 554218
1073628875 449441 866652
1073336575 340943 60261
1073590834 181531 223232
1072800171 289364 538242
1073535399 785126 709096
1073584274 851661 631431
1073601070 248434 533879
1073565108 425910 495154
1073490310 260751 997644
1073018814 554514 752408
1073464596 667462 201850
1073081592 589063 59145
1073021331 740052 240676
1073281746 198056 46393
1072743504 920832 831519
1073518056 78381 199533
1073370273 735487 447967
1072836393 912202 873877
1073341239 680067 650980
1072827242 403076 205495
1073558482 196655 389309
1072840280 856886 978372
1072781134 93731 234776
1073024106 553808 432832
1073461361 68479 870016
1073629841 808599 464750
1073430308 180149 200237
1073465989 601931 628791
1073075760 2516 308858
1073424780 433449 228287
1073219285 616790 424942
1073313623 518334 281829
1073335251 995375 375560
1073100474 229444 445720
1073151290 509907 514199
1073281273 138241 322798
1072816523 966108 19300
1073099934 241942 621231
1073471143 908005 140099
1073645933 741400 573548
1073417646 263939 706691
1072992703 208491 741377
1073194522 615063 253104
1073302610 256412 482548
1072856890 846946 508807
1072826339 823848 647048
1072987188 265500 613156
1072967888 907389 371450
1072830305 178069 795807
1073690205 273959 537208
1073600305 114489 317499
1073377262 379961 525990
1073119533 927262 141053
1072866429 882827 913818
1072867528 767760 277116
1073358721 199596 100964
1073195320 470583 366464
1073065812 760870 790205
1073694361 672389 968274
1072898554 240359 758585
1073361346 898229 389426
1073527495 262791 769387
1073001505 885081 696649
1072860451 276828 579476
1073430281 151123 863588
1073153165 50577 579537
1073535849 597080 50120
1073169385 273092 810991
1073379180 320554 999732
1072894554 680175 756443
1073619617 577005 654672
1073230190 791333 917463
1073460803 531652 318897
1073247801 929376 595725
1073151973 240918 746848
1072772032 829576 313777
1073192495 35550 910858
1073626023 124340 183950
1072815032 3335 20856
1073298948 850604 701031
1073542505 489162 794388
1072887832 795 585722
1073454017 798168 117374
1073135120 808542 46750
1073539395 398392 804020
1073276195 368183 633596
1072962417 433863 669146
1073051559 549664 309838
1073351257 992807 313173
1072814049 435683 680129
1073113018 151353 169291
1073318629 5344 686439
1073216555 809503 959
1073099181 416206 809501
1073536079 134987 724245
1073732059 116967 608781
1073582111 896373 42644
1073396613 102989 108660
1073086775 9907 101468
1072773602 937681 53503
1073093473 82839 204856
1073407830 22385 726553
1073721391 547653 52408
1073720432 706647 468614
1073394579 428743 119953
1073670333 954859 236921
1073061552 114571 649646
1073502556 976133 752636
1073393895 631181 278895
1072776075 115754 216577
1073722572 280456 815768
1073001364 614449 838153
1072758459 634882 902158
1073706051 172625 125157
1073721084 519870 553900
1073601131 591360 25111
1073364210 787983 139682
1073714563 543602 115815
1073445575 407882 263348
1073650328 373630 379102
1072917399 909233 659558
1073101631 166045 274007
1072747126 665761 425241
1072844968 701534 597867
1073203459 722273 634089
1073649559 379317 741801
1073624448 273283 529784
1072968414 816895 589738
1073336247 629495 997621
1073556547 720990 887603
1073177445 545415 313189
1073001535 701959 479234
1073211175 696657 144995
1073269582 109864 362881
1073671715 648229 601506
1073521274 256845 980824
1072779473 374221 254107
1073249689 663982 587354
1073143598 585911 216849
1073145977 771187 937839
1072742022 851918 999606
1073428833 592206 701566
1072949599 639206 914575
1073288251 111448 24439
1072925370 697908 672668
1073323863 918458 929514
1072826687 880808 820087
1073572580 889295 421
1073468874 487520 586332
1073252025 83366 873872
1072797834 83167 725790
1073281875 912510 834348
1073580309 704734 473555
1073665734 674658 585003
1073124943 491112 282911
1073452274 909072 201369
1073006408 340560 598530
1073186321 26155 487825
1073185900 299104 975345
1073083215 305254 575063
1073209343 249243 174582
1073483553 709191 87092
1073649205 387057 308179
1073659298 979498 982837
1073074295 596379 473949
1073275031 402280 899373
1073073662 137695 239933
1073475132 209549 266088
1073470955 281824 81544
1073495610 456784 386798
1072920547 989264 636042
1073229612 763886 861585
1073142520 372857 764995
1073317989 455382 260845
1073335151 639263 373576
1073344850 106055 292208
1073445476 290568 946255
1073689191 73612 155804
1072906750 344480 953981
1072825206 107046 410765
1073438407 444674 916382
1073286013 956885 680268
1072908076 72541 569477
1073626729 496375 541212
1073365883 903047 180475
1073475955 300021 802882
1073183746 112720 609802
1073237491 681704 683414
1073081686 33129 544247
1073611353 949747 651293
1073200588 769515 95967
1073284206 225325 569205
1073087585 575424 641746
1073001756 690519 138121
1073460544 66459 557521
1072763717 332327 373894
1073444483 890404 2966
1072834680 911089 684670
1073634914 571226 717800
1073090667 701696 183899
1073439374 759283 953414
1072827054 733253 695091
1073257849 387491 270515
1073099751 643910 961034
1072961630 441542 543845
1072887757 936000 876173
1073513863 233341 282929
1073510897 140484 194018
1073309874 247393 281596
1073592074 414902 499644
1073408175 717351 258928
1072938409 148472 508533
1073243318 148798 412376
1072972803 790870 56286
1073495416 87416 497828
1072951571 941482 433829
1073559046 169443 183522
1073276116 916721 840358
1073565746 348670 604103
1072767797 14771 19005
1073268153 864771 252709
1073492873 668185 917533
1072984340 683042 66332
1073571964 968415 857202
1072999325 214822 944618
1072985145 521426 886101
1073034964 704204 571896
1072851442 686263 4969
1073494732 378692 353640
1072890628 352718 884763
1073355271 826389 749535
1073102562 591691 934072
1073185028 865527 617115
1073118696 551738 585530
1072745142 294236 316704
1072800523 50915 838130
1073398070 757774 542334
1073309822 164508 744949
1073304853 411599 123642
1073434861 779146 476360
